当一个表达式以后缀记法给出时，无需知道任何优先规则。

算法描述：当遇到一个数时就把它压入栈中；在遇到一个操作符时，
该操作符就作用于从该栈弹出的两个数上，再将所得结果压入栈中。

例如，后缀表达式：6523+8*+3+*
前4个数字放入栈中，此时栈变成（右边是栈顶）
6 | 5 | 2 | 3 |    |    |    |    |
下面读到一个+号，3和2从栈中弹出计算，他们的和5再被压入栈中。
6 | 5 | 5 |    |    |    |    |    |
接着8进栈
6 | 5 | 5 | 8 |    |    |    |    |
现在读到*号，8和5弹出并且8*5=40进栈
6 | 5 | 40 |    |    |    |    |    |
如此重复，以下只给出过程栈图
6 | 45 |    |    |    |    |    |    |
6 | 45 | 3 |    |    |    |    |    |
6 | 48 |    |    |    |    |    |    |
288 |    |    |    |    |    |    |    |